$ANSIBLE_VAULT;1.1;AES256
30636566653434393165343764336239366664613834386539633864633666303063386264633462
6130346566316334633836633764623133333565333033610a363533656434343939366462383331
63303966313131646162653865373265633064646639323565363965613864383965383361383362
3931623035623630370a343031303365393133353963396365623239636331313331376234393131
33643661633033336338363438353337653231663565303061636361646564313664626662363534
31353530623135313065353066303633613737396666656166363763613232356536616539366230
32343735323831623039656365303261633839363636646163313530626534663431363561346634
66383730666232613139656435383162326565303966313034376662326130383436366465313238
35653338303963643039643438326432643465653731316534316630633038373265363638633239
38333536643363623661393431343764306365316239633266616631626566653462343336396235
36373863356339346130383733333138343265363835366462656563653464346536633366326539
34346536663535336662613639393463353731363436343865313738303033613064616434643963
3161
